6282282345392
6285709448001
6285840351569
6283185479627
237620815974
6285166574807
6282295213523
6285928071314
62895338653822
6289525667551
6281548360560
6283161631026
6285777740915
6285752517445
6285189011714
6288976267615
6285124431050
601171704380
628119876677
6281216675401
6288294294731
6283130966496
62895428645389
6283167133555
6283151786963
6282379583108
62895428300555
6282144015319
6285126579225
6285782064289
6287852532244
6288279608269
628971240659
628999705636
6282166471065
6285213334860
6282197175940
6282191676423
628984553013
6285363329428
6285137236023
6285979202644
6282274140351
6288808938659
